-461.220462 -461.172744 1.000000
-461.220462 -461.172744 1.000000
-461.220462 -461.172744 1.000000
-461.220462 -461.172744 1.000000
-461.220462 -461.172744 1.000000
-461.220462 -461.172744 1.000000
-461.220462 -461.172744 1.000000
-461.220462 -461.172744 1.000000
-461.220462 -461.172744 1.000000
-461.220462 -461.172744 1.000000
-461.220462 -461.172744 1.000000
-461.220462 -461.172744 1.000000
-461.220462 -461.172744 1.000000
-461.220462 -461.172744 1.000000
-461.220462 -461.172744 1.000000
-461.220462 -461.172744 1.000000
-461.220462 -461.172744 1.000000
-461.220462 -461.172744 1.000000
-461.220462 -461.172744 1.000000
-461.220462 -461.172744 1.000000
-461.220462 -461.172744 1.000000
-461.220462 -461.172744 1.000000
-461.220462 -461.172744 1.000000
-461.220462 -461.172744 1.000000
-461.220462 -461.172744 1.000000
-461.220462 -461.172744 1.000000
-461.220462 -461.172744 1.000000
-461.220462 -461.172744 1.000000
-461.220462 -461.172744 1.000000
-461.220462 -461.172744 1.000000
-461.220462 -461.172744 1.000000
-461.220462 -461.172744 1.000000
-461.220462 -461.172744 1.000000
-461.220462 -461.172744 1.000000
-461.220462 -461.172744 1.000000
-461.220462 -461.172744 1.000000
-461.220462 -461.172744 1.000000
-461.220462 -461.172744 1.000000
-461.220462 -461.172744 1.000000
-461.220462 -461.172744 1.000000
-461.220462 -461.172744 1.000000
-461.220462 -461.172744 1.000000
-461.220462 -461.172744 1.000000
-461.220462 -461.172744 1.000000
-461.220462 -461.172744 1.000000
-461.220462 -461.172744 1.000000
-461.220462 -461.172744 1.000000
-461.220462 -461.172744 1.000000
-461.220462 -461.172744 1.000000
-461.220462 -461.172744 1.000000
-461.220462 -461.172744 1.000000
-461.220462 -461.172744 1.000000
-461.220462 -461.172744 1.000000
-461.220462 -461.172744 1.000000
-461.220462 -461.172744 1.000000
-461.220462 -461.172744 1.000000
-461.220462 -461.172744 1.000000
-461.220462 -461.172744 1.000000
-461.220462 -461.172744 1.000000
-461.220462 -461.172744 1.000000
-461.220462 -461.172744 1.000000
-461.220462 -461.172744 1.000000
-461.220462 -461.172744 1.000000
-461.220462 -461.172744 1.000000
-461.220462 -461.172744 1.000000
-461.220462 -461.172744 1.000000
-461.220462 -461.172744 1.000000
-461.220462 -461.172744 1.000000
-461.220462 -461.172744 1.000000
-461.220462 -461.172744 1.000000
-461.220462 -461.172744 1.000000
-461.220462 -461.172744 1.000000
-461.220462 -461.172744 1.000000
-461.220462 -461.172744 1.000000
-461.220462 -461.172744 1.000000
-461.220462 -461.172744 1.000000
-461.220462 -461.172744 1.000000
-461.220462 -461.172744 1.000000
-461.220462 -461.172744 1.000000
-461.220462 -461.172744 1.000000
-461.220462 -461.172744 1.000000
-461.220462 -461.172744 1.000000
-461.220462 -461.172744 1.000000
-461.220462 -461.172744 1.000000
-461.220462 -461.172744 1.000000
-461.220462 -461.172744 1.000000
-461.220462 -461.172744 1.000000
-461.220462 -461.172744 1.000000
-461.220462 -461.172744 1.000000
-461.220462 -461.172744 1.000000
-461.220462 -461.172744 1.000000
-461.220462 -461.172744 1.000000
-461.220462 -461.172744 1.000000
-461.220462 -461.172744 1.000000
-461.220462 -461.172744 1.000000
-461.220462 -461.172744 1.000000
-461.220462 -461.172744 1.000000
-461.220462 -461.172744 1.000000
-461.220462 -461.172744 1.000000
-461.220462 -461.172744 1.000000
-461.220462 -461.172744 1.000000
-481.059203 -442.192951 1.000000
-488.694974 -434.553892 1.000000
-496.329698 -426.914145 1.000000
-503.963312 -419.273771 1.000000
-511.595751 -411.632832 1.000000
-519.226950 -403.991390 1.000000
-526.856846 -396.349503 1.000000
-534.485377 -388.707229 1.000000
-542.112480 -381.064627 1.000000
-644.861330 -278.077720 1.000000
-739.588378 -183.040009 1.000000
-735.190695 -187.300205 1.000000
-727.499881 -194.771889 1.000000
-724.164468 -198.021114 1.000000
-721.143973 -200.968526 1.000000
-718.421774 -203.629238 1.000000
-715.982892 -206.016958 1.000000
-713.813915 -208.144041 1.000000
-711.902924 -210.021541 1.000000
-710.239427 -211.659253 1.000000
-708.814308 -213.065757 1.000000
-707.619770 -214.248454 1.000000
-706.649300 -215.213605 1.000000
-705.897630 -215.966353 1.000000
-705.360706 -216.510759 1.000000
-704.920850 -216.985458 1.000000
-705.015735 -216.918606 1.000000
-705.320992 -216.649144 1.000000
-705.838458 -216.175941 1.000000
-706.571155 -215.496857 1.000000
-707.523306 -214.608740 1.000000
-708.700358 -213.507430 1.000000
-710.109012 -212.187753 1.000000
-711.757254 -210.643526 1.000000
-713.654399 -208.867551 1.000000
-715.811133 -206.851617 1.000000
-718.239567 -204.586507 1.000000
-621.915863 -301.139053 1.000000
-518.578246 -404.611569 1.000000
-510.949640 -412.254218 1.000000
-503.319704 -419.896457 1.000000
-495.688501 -427.538226 1.000000
-488.056095 -435.179463 1.000000
-480.422551 -442.820105 1.000000
-472.787934 -450.460089 1.000000
-465.152308 -458.099350 1.000000
-457.515738 -465.737825 1.000000
-454.732473 -454.718950 1.000000
-442.039880 -481.367729 1.000000
-434.442885 -489.043444 1.000000
-426.846659 -496.715261 1.000000
-419.251190 -504.383160 1.000000
-411.656458 -512.047128 1.000000
-404.062437 -519.707160 1.000000
-388.351731 -535.480617 1.000000
-315.710257 -608.181550 1.000000
-190.439564 -733.508375 1.000000
0.000000 -904.662277 2.000000
0.000000 -905.201357 2.000000
0.000000 -905.299099 2.000000
0.000000 -905.794179 2.000000
0.000000 -906.707671 2.000000
0.000000 -907.904061 2.000000
0.000000 -909.127634 2.000000
0.000000 -910.104858 2.000000
0.000000 -910.639636 2.000000
0.000000 -910.661154 2.000000
0.000000 -910.221823 2.000000
0.000000 -909.463312 2.000000
0.000000 -908.570479 2.000000
0.000000 -907.726581 2.000000
0.000000 -907.079179 2.000000
0.000000 -906.731534 2.000000
0.000000 -906.605606 2.000000
0.000000 -906.179578 2.000000
0.000000 -905.567990 2.000000
0.000000 -905.017946 2.000000
0.000000 -904.662232 2.000000
0.000000 -904.518569 2.000000
0.000000 -904.521238 2.000000
0.000000 -904.569368 2.000000
0.000000 -904.580716 2.000000
0.000000 -904.536416 2.000000
0.000000 -904.497214 2.000000
0.000000 -904.573897 2.000000
0.000000 -904.852689 2.000000
0.000000 -905.308628 2.000000
0.000000 -905.302844 2.000000
0.454828 -924.669882 1.000000
-42.237250 -882.047253 1.000000
-209.681618 -714.669365 1.000000
-383.366625 -541.047845 1.000000
-435.556579 -488.918364 1.000000
-443.426692 -481.105685 1.000000
-451.295017 -473.291732 1.000000
-459.161590 -465.476446 1.000000
-467.026450 -457.659765 1.000000
-474.889642 -449.841620 1.000000
-482.751231 -442.021924 1.000000
-490.611259 -434.200610 1.000000
-498.469805 -426.377577 1.000000
-506.326943 -418.552729 1.000000
-514.182754 -410.725962 1.000000
-522.037332 -402.897159 1.000000
-537.979786 -386.977191 1.000000
-610.604244 -314.371908 1.000000
-735.507886 -189.484109 1.000000
-903.721448 0.000000 3.000000
-904.228160 0.000000 3.000000
-904.231436 0.000000 3.000000
-904.696685 0.000000 3.000000
-905.797774 0.000000 3.000000
-907.472806 0.000000 3.000000
-909.447532 0.000000 3.000000
-911.367802 0.000000 3.000000
-912.934674 0.000000 3.000000
-913.978755 0.000000 3.000000
-914.468732 0.000000 3.000000
-914.480998 0.000000 3.000000
-914.158169 0.000000 3.000000
-913.671454 0.000000 3.000000
-913.192208 0.000000 3.000000
-912.881330 0.000000 3.000000
-912.661866 0.000000 3.000000
-911.811887 0.000000 3.000000
-910.503213 0.000000 3.000000
-909.107885 0.000000 3.000000
-907.865824 0.000000 3.000000
-906.879083 0.000000 3.000000
-906.141348 0.000000 3.000000
-905.586788 0.000000 3.000000
-905.146306 0.000000 3.000000
-904.795825 0.000000 3.000000
-904.576525 0.000000 3.000000
-904.569773 0.000000 3.000000
-904.827724 0.000000 3.000000
-905.292686 0.000000 3.000000
-905.300242 0.000000 3.000000
-924.669907 0.454768 1.000000
-882.052976 -42.231621 1.000000
-714.696995 -209.654093 1.000000
-541.097548 -383.317037 1.000000
-488.974017 -435.501051 1.000000
-481.161552 -443.370961 1.000000
-473.347811 -451.239085 1.000000
-465.532735 -459.105459 1.000000
-457.716261 -466.970124 1.000000
-449.898312 -474.833132 1.000000
-442.078835 -482.694514 1.000000
-434.257712 -490.554364 1.000000
-426.434875 -498.412727 1.000000
-418.610221 -506.269683 1.000000
-410.783643 -514.125318 1.000000
-402.955029 -521.979721 1.000000
-387.034056 -537.923194 1.000000
-314.419186 -610.557251 1.000000
-189.513292 -735.479003 1.000000
0.000000 -903.720817 2.000000
0.000000 -904.227284 2.000000
0.000000 -904.230641 2.000000
0.000000 -904.695958 2.000000
0.000000 -905.797085 2.000000
0.000000 -907.472118 2.000000
0.000000 -909.446811 2.000000
0.000000 -911.367021 2.000000
0.000000 -912.933821 2.000000
0.000000 -913.977831 2.000000
0.000000 -914.467753 2.000000
0.000000 -914.479987 2.000000
0.000000 -914.157155 2.000000
0.000000 -913.670466 2.000000
0.000000 -913.191265 2.000000
0.000000 -912.880434 2.000000
0.000000 -912.661013 2.000000
0.000000 -911.811115 2.000000
0.000000 -910.502555 2.000000
0.000000 -909.107351 2.000000
0.000000 -907.865406 2.000000
0.000000 -906.878760 2.000000
0.000000 -906.141090 2.000000
0.000000 -905.586567 2.000000
0.000000 -905.146102 2.000000
0.000000 -904.795626 2.000000
0.000000 -904.576333 2.000000
0.000000 -904.569599 2.000000
0.000000 -904.827579 2.000000
0.000000 -905.292581 2.000000
0.000000 -905.299984 2.000000
-42.237250 -882.047253 1.000000
-209.681618 -714.669365 1.000000
-383.366625 -541.047845 1.000000
-435.556579 -488.918364 1.000000
-443.426692 -481.105685 1.000000
-451.295017 -473.291732 1.000000
-459.161590 -465.476446 1.000000
-467.026450 -457.659765 1.000000
-474.889636 -449.841625 1.000000
-490.611259 -434.200610 1.000000
-498.469805 -426.377577 1.000000
-506.326943 -418.552729 1.000000
-514.182754 -410.725962 1.000000
-522.037332 -402.897159 1.000000
-537.979786 -386.977191 1.000000
-735.507886 -189.484109 1.000000
-903.721448 0.000000 3.000000
-904.228160 0.000000 3.000000
-904.231436 0.000000 3.000000
-904.696685 0.000000 3.000000
-905.797774 0.000000 3.000000
-907.472806 0.000000 3.000000
-909.447532 0.000000 3.000000
-911.367802 0.000000 3.000000
-912.934674 0.000000 3.000000
-913.978755 0.000000 3.000000
-914.468732 0.000000 3.000000
-914.480998 0.000000 3.000000
-914.158169 0.000000 3.000000
-913.671454 0.000000 3.000000
-913.192208 0.000000 3.000000
-912.881330 0.000000 3.000000
-912.661866 0.000000 3.000000
-911.811887 0.000000 3.000000
-910.503213 0.000000 3.000000
-909.107885 0.000000 3.000000
-907.865824 0.000000 3.000000
-906.879083 0.000000 3.000000
-906.141348 0.000000 3.000000
-905.586788 0.000000 3.000000
-905.146306 0.000000 3.000000
-904.795825 0.000000 3.000000
-904.576525 0.000000 3.000000
-904.569773 0.000000 3.000000
-904.827724 0.000000 3.000000
-905.292686 0.000000 3.000000
-905.300242 0.000000 3.000000
-924.669907 0.454768 1.000000
-882.052976 -42.231621 1.000000
-714.696995 -209.654093 1.000000
-541.097548 -383.317037 1.000000
-488.974017 -435.501051 1.000000
-481.161552 -443.370961 1.000000
-473.347811 -451.239085 1.000000
-465.532735 -459.105459 1.000000
-457.716261 -466.970124 1.000000
-449.898307 -474.833138 1.000000
-442.078840 -482.694508 1.000000
-434.257712 -490.554364 1.000000
-418.610221 -506.269683 1.000000
-410.783643 -514.125318 1.000000
-402.955029 -521.979721 1.000000
-387.034056 -537.923194 1.000000
-314.419186 -610.557251 1.000000
-189.513292 -735.479003 1.000000
0.000000 -903.720817 2.000000
0.000000 -904.227284 2.000000
0.000000 -904.230641 2.000000
0.000000 -904.695958 2.000000
0.000000 -905.797085 2.000000
0.000000 -907.472118 2.000000
0.000000 -909.446811 2.000000
0.000000 -911.367021 2.000000
0.000000 -912.933821 2.000000
0.000000 -913.977831 2.000000
0.000000 -914.467753 2.000000
0.000000 -914.479987 2.000000
0.000000 -914.157155 2.000000
0.000000 -913.670466 2.000000
0.000000 -913.191265 2.000000
0.000000 -912.880434 2.000000
0.000000 -912.661013 2.000000
0.000000 -911.811115 2.000000
0.000000 -910.502555 2.000000
0.000000 -909.107351 2.000000
0.000000 -907.865406 2.000000
0.000000 -906.878760 2.000000
0.000000 -906.141090 2.000000
0.000000 -905.586567 2.000000
0.000000 -905.146102 2.000000
0.000000 -904.795626 2.000000
0.000000 -904.576333 2.000000
0.000000 -904.569599 2.000000
0.000000 -904.827579 2.000000
0.000000 -905.292581 2.000000
0.000000 -905.299984 2.000000
0.454828 -924.669882 1.000000
-42.237250 -882.047253 1.000000
-209.681618 -714.669365 1.000000
-443.426692 -481.105685 1.000000
-451.295017 -473.291732 1.000000
-459.161590 -465.476446 1.000000
-467.026450 -457.659765 1.000000
-482.751243 -442.021912 1.000000
-490.611259 -434.200610 1.000000
-498.469805 -426.377577 1.000000
-506.326943 -418.552729 1.000000
-514.182754 -410.725962 1.000000
-522.037332 -402.897159 1.000000
-537.979786 -386.977191 1.000000
-610.604244 -314.371908 1.000000
-735.507886 -189.484109 1.000000
-903.721448 0.000000 3.000000
-904.228160 0.000000 3.000000
-904.231436 0.000000 3.000000
-904.696685 0.000000 3.000000
-905.797774 0.000000 3.000000
-907.472806 0.000000 3.000000
-909.447532 0.000000 3.000000
-911.367802 0.000000 3.000000
-912.934674 0.000000 3.000000
-913.978755 0.000000 3.000000
-914.468732 0.000000 3.000000
-914.480998 0.000000 3.000000
-914.158169 0.000000 3.000000
-913.671454 0.000000 3.000000
-913.192208 0.000000 3.000000
-912.881330 0.000000 3.000000
-912.661866 0.000000 3.000000
-911.811887 0.000000 3.000000
-910.503213 0.000000 3.000000
-909.107885 0.000000 3.000000
-907.865824 0.000000 3.000000
-906.879083 0.000000 3.000000
-906.141348 0.000000 3.000000
-905.586788 0.000000 3.000000
-905.146306 0.000000 3.000000
-904.795825 0.000000 3.000000
-904.576525 0.000000 3.000000
-904.569773 0.000000 3.000000
-904.827724 0.000000 3.000000
-905.292686 0.000000 3.000000
-905.300242 0.000000 3.000000
-924.669907 0.454768 1.000000
-882.052976 -42.231621 1.000000
-714.696995 -209.654093 1.000000
-541.097548 -383.317037 1.000000
-488.974017 -435.501051 1.000000
-481.161552 -443.370961 1.000000
-473.347811 -451.239085 1.000000
-465.532735 -459.105459 1.000000
-457.716261 -466.970124 1.000000
-449.898301 -474.833144 1.000000
-442.078846 -482.694502 1.000000
-434.257712 -490.554364 1.000000
-426.434875 -498.412726 1.000000
-418.610221 -506.269683 1.000000
-410.783643 -514.125317 1.000000
-402.955029 -521.979721 1.000000
-387.034056 -537.923194 1.000000
-314.419186 -610.557251 1.000000
-189.513292 -735.479003 1.000000
0.000000 -903.720817 2.000000
0.000000 -904.227284 2.000000
0.000000 -904.230641 2.000000
0.000000 -904.695958 2.000000
0.000000 -905.797085 2.000000
0.000000 -907.472118 2.000000
0.000000 -909.446811 2.000000
0.000000 -911.367021 2.000000
0.000000 -912.933821 2.000000
0.000000 -913.977831 2.000000
0.000000 -914.467753 2.000000
0.000000 -914.479987 2.000000
0.000000 -914.157155 2.000000
0.000000 -913.670466 2.000000
0.000000 -913.191265 2.000000
0.000000 -912.880434 2.000000
0.000000 -912.661013 2.000000
0.000000 -911.811115 2.000000
0.000000 -910.502555 2.000000
0.000000 -909.107351 2.000000
0.000000 -907.865406 2.000000
0.000000 -906.878760 2.000000
0.000000 -906.141090 2.000000
0.000000 -905.586567 2.000000
0.000000 -905.146102 2.000000
0.000000 -904.795626 2.000000
0.000000 -904.576333 2.000000
0.000000 -904.569599 2.000000
0.000000 -904.827579 2.000000
0.000000 -905.292581 2.000000
0.000000 -905.299984 2.000000
0.454828 -924.669882 1.000000
-42.237250 -882.047253 1.000000
-209.681618 -714.669365 1.000000
-383.366625 -541.047845 1.000000
-435.556579 -488.918364 1.000000
-443.426692 -481.105685 1.000000
-451.295017 -473.291732 1.000000
-459.161590 -465.476446 1.000000
-482.751249 -442.021907 1.000000
-490.611259 -434.200610 1.000000
-498.469805 -426.377577 1.000000
-514.182754 -410.725962 1.000000
-522.037332 -402.897159 1.000000
-537.979786 -386.977191 1.000000
-610.604244 -314.371908 1.000000
-735.507886 -189.484109 1.000000
-903.721448 0.000000 3.000000
-904.228160 0.000000 3.000000
-904.231436 0.000000 3.000000
-904.696685 0.000000 3.000000
-905.797774 0.000000 3.000000
-907.472806 0.000000 3.000000
-909.447532 0.000000 3.000000
-911.367802 0.000000 3.000000
-912.934674 0.000000 3.000000
-913.978755 0.000000 3.000000
-914.468732 0.000000 3.000000
-914.480998 0.000000 3.000000
-914.158169 0.000000 3.000000
-913.671454 0.000000 3.000000
-913.192208 0.000000 3.000000
-912.881330 0.000000 3.000000
-912.661866 0.000000 3.000000
-911.811887 0.000000 3.000000
-910.503213 0.000000 3.000000
-909.107885 0.000000 3.000000
-907.865824 0.000000 3.000000
-906.879083 0.000000 3.000000
-906.141348 0.000000 3.000000
-905.586788 0.000000 3.000000
-905.146306 0.000000 3.000000
-904.795825 0.000000 3.000000
-904.576525 0.000000 3.000000
-904.569773 0.000000 3.000000
-904.827724 0.000000 3.000000
-905.292686 0.000000 3.000000
-905.300242 0.000000 3.000000
-924.669907 0.454768 1.000000
-882.052976 -42.231621 1.000000
-714.696995 -209.654093 1.000000
-541.097548 -383.317037 1.000000
-488.974017 -435.501051 1.000000
-481.161552 -443.370961 1.000000
-473.347811 -451.239085 1.000000
-457.716261 -466.970124 1.000000
-449.898296 -474.833150 1.000000
-442.078851 -482.694496 1.000000
-434.257712 -490.554364 1.000000
-426.434875 -498.412726 1.000000
-418.610221 -506.269683 1.000000
-410.783643 -514.125317 1.000000
-402.955029 -521.979721 1.000000
-314.419186 -610.557251 1.000000
-189.513292 -735.479003 1.000000
0.000000 -903.720817 2.000000
0.000000 -904.227284 2.000000
0.000000 -904.230641 2.000000
0.000000 -904.695958 2.000000
0.000000 -905.797085 2.000000
0.000000 -907.472118 2.000000
0.000000 -909.446811 2.000000
0.000000 -911.367021 2.000000
0.000000 -912.933821 2.000000
0.000000 -913.977831 2.000000
0.000000 -914.467753 2.000000
0.000000 -914.479987 2.000000
0.000000 -914.157155 2.000000
0.000000 -913.670466 2.000000
0.000000 -913.191265 2.000000
0.000000 -912.880434 2.000000
0.000000 -912.661013 2.000000
0.000000 -911.811115 2.000000
0.000000 -910.502555 2.000000
0.000000 -909.107351 2.000000
0.000000 -907.865406 2.000000
0.000000 -906.878760 2.000000
0.000000 -906.141090 2.000000
0.000000 -905.586567 2.000000
0.000000 -905.146102 2.000000
0.000000 -904.795626 2.000000
0.000000 -904.576333 2.000000
0.000000 -904.569599 2.000000
0.000000 -904.827579 2.000000
0.000000 -905.292581 2.000000
0.000000 -905.299984 2.000000
0.454828 -924.669882 1.000000
-42.237250 -882.047253 1.000000
-209.681618 -714.669365 1.000000
-383.366625 -541.047845 1.000000
-435.556579 -488.918364 1.000000
-443.426692 -481.105685 1.000000
-451.295017 -473.291732 1.000000
-467.026450 -457.659765 1.000000
-474.889619 -449.841642 1.000000
-482.751255 -442.021901 1.000000
-490.611259 -434.200610 1.000000
-498.469805 -426.377577 1.000000
-506.326943 -418.552729 1.000000
-514.182754 -410.725962 1.000000
-522.037332 -402.897159 1.000000
-537.979786 -386.977191 1.000000
-610.604244 -314.371908 1.000000
-735.507886 -189.484109 1.000000
-903.721448 0.000000 3.000000
-904.228160 0.000000 3.000000
-904.231436 0.000000 3.000000
-904.696685 0.000000 3.000000
-905.797774 0.000000 3.000000
-907.472806 0.000000 3.000000
-909.447532 0.000000 3.000000
-911.367802 0.000000 3.000000
-912.934674 0.000000 3.000000
-913.978755 0.000000 3.000000
-914.468732 0.000000 3.000000
-914.480998 0.000000 3.000000
-914.158169 0.000000 3.000000
-913.671454 0.000000 3.000000
-913.192208 0.000000 3.000000
-912.881330 0.000000 3.000000
-912.661866 0.000000 3.000000
-911.811887 0.000000 3.000000
-910.503213 0.000000 3.000000
-909.107885 0.000000 3.000000
-907.865824 0.000000 3.000000
-906.879083 0.000000 3.000000
-906.141348 0.000000 3.000000
-905.586788 0.000000 3.000000
-905.146306 0.000000 3.000000
-904.795825 0.000000 3.000000
-904.576525 0.000000 3.000000
-904.569773 0.000000 3.000000
-904.827724 0.000000 3.000000
-905.292686 0.000000 3.000000
-905.300242 0.000000 3.000000
-924.669907 0.454768 1.000000
-882.052976 -42.231621 1.000000
-714.696995 -209.654093 1.000000
-541.097548 -383.317037 1.000000
-488.974017 -435.501051 1.000000
-481.161552 -443.370961 1.000000
-473.347811 -451.239085 1.000000
-465.532735 -459.105459 1.000000
-457.716261 -466.970124 1.000000
-466.014107 -466.013969 1.000000
-442.875002 -481.704339 1.000000
-435.276301 -489.294483 1.000000
-427.676725 -496.883654 1.000000
-420.076327 -504.471796 1.000000
-412.475159 -512.058856 1.000000
-404.873274 -519.644778 1.000000
-389.140187 -535.360043 1.000000
-316.382056 -608.098489 1.000000
-190.906640 -733.552353 1.000000
0.000000 -902.621801 2.000000
0.000000 -902.925925 2.000000
0.000000 -903.170074 2.000000
0.000000 -903.865561 2.000000
0.000000 -905.013009 2.000000
0.000000 -906.452745 2.000000
0.000000 -907.904657 2.000000
0.000000 -909.077943 2.000000
0.000000 -909.769604 2.000000
0.000000 -909.909652 2.000000
0.000000 -909.554024 2.000000
0.000000 -908.847340 2.000000
0.000000 -907.977194 2.000000
0.000000 -907.132600 2.000000
0.000000 -906.473649 2.000000
0.000000 -906.124405 2.000000
0.000000 -906.010641 2.000000
0.000000 -905.548182 2.000000
0.000000 -904.853069 2.000000
0.000000 -904.192880 2.000000
0.000000 -903.718470 2.000000
0.000000 -903.462132 2.000000
0.000000 -903.367728 2.000000
0.000000 -903.338288 2.000000
0.000000 -903.290408 2.000000
0.000000 -903.200800 2.000000
0.000000 -903.124975 2.000000
0.000000 -903.169959 2.000000
0.000000 -903.420687 2.000000
0.000000 -903.852106 2.000000
0.000000 -903.763496 2.000000
0.250796 -923.440568 1.000000
-42.455137 -880.748680 1.000000
-209.846597 -713.369525 1.000000
-383.297408 -539.929282 1.000000
-435.226251 -488.009271 1.000000
-442.866935 -480.375686 1.000000
-450.506962 -472.741028 1.000000
-458.146266 -465.105360 1.000000
-465.784785 -457.468749 1.000000
-473.422452 -449.831257 1.000000
-481.059203 -442.192951 1.000000
-496.329698 -426.914145 1.000000
-503.963312 -419.273771 1.000000
-511.595751 -411.632832 1.000000
-519.226950 -403.991390 1.000000
-534.968571 -388.237778 1.000000
-607.590643 -315.601963 1.000000
-732.770674 -190.406432 1.000000
-903.764338 0.000000 3.000000
-904.073080 0.000000 3.000000
-904.314584 0.000000 3.000000
-904.944012 0.000000 3.000000
-905.904409 0.000000 3.000000
-907.015813 0.000000 3.000000
-908.018648 0.000000 3.000000
-908.668529 0.000000 3.000000
-908.817235 0.000000 3.000000
-908.446660 0.000000 3.000000
-907.656272 0.000000 3.000000
-906.621936 0.000000 3.000000
-905.544993 0.000000 3.000000
-904.604776 0.000000 3.000000
-903.924575 0.000000 3.000000
-903.566626 0.000000 3.000000
-903.446883 0.000000 3.000000
-903.164097 0.000000 3.000000
-902.813433 0.000000 3.000000
-902.579685 0.000000 3.000000
-902.541537 0.000000 3.000000
-902.675455 0.000000 3.000000
-902.889755 0.000000 3.000000
-903.073456 0.000000 3.000000
-903.148986 0.000000 3.000000
-903.114219 0.000000 3.000000
-903.054117 0.000000 3.000000
-903.104529 0.000000 3.000000
-903.369328 0.000000 3.000000
-903.825918 0.000000 3.000000
-903.759352 0.000000 3.000000
-923.440615 0.250800 1.000000
-880.753556 -42.450303 1.000000
-713.392919 -209.823243 1.000000
-539.971227 -383.255500 1.000000
-488.056095 -435.179463 1.000000
-472.787934 -450.460089 1.000000
-465.152308 -458.099350 1.000000
-457.515738 -465.737825 1.000000
-9.223917 -913.167769 1.000000
-461.220462 -461.172744 1.000000
-461.220462 -461.172744 1.000000
-461.220462 -461.172744 1.000000
-461.220462 -461.172744 1.000000
-461.220462 -461.172744 1.000000
-461.220462 -461.172744 1.000000
-461.220462 -461.172744 1.000000
-461.220462 -461.172744 1.000000
-461.220462 -461.172744 1.000000
-461.220462 -461.172744 1.000000
