0.078090 0.000000 0.078090 0.000000 0.059914 0.102500 0.156672 0.059914 -0.102500 0.156672
0.078090 0.000000 0.078090 0.000000 0.059914 0.102500 0.156672 0.059914 -0.102500 0.156672
0.078090 0.000000 0.078090 0.000000 0.059914 0.102500 0.156672 0.059914 -0.102500 0.156672
0.078090 0.000000 0.078090 0.000000 0.059914 0.102500 0.156672 0.059914 -0.102500 0.156672
0.078090 0.000000 0.078090 0.000000 0.059914 0.102500 0.156672 0.059914 -0.102500 0.156672
0.078090 0.000000 0.078090 0.000000 0.059914 0.102500 0.156672 0.059914 -0.102500 0.156672
0.078090 0.000000 0.078090 0.000000 0.059914 0.102500 0.156672 0.059914 -0.102500 0.156672
0.078090 0.000000 0.078090 0.000000 0.059914 0.102500 0.156672 0.059914 -0.102500 0.156672
0.078090 0.000000 0.078090 0.000000 0.059914 0.102500 0.156672 0.059914 -0.102500 0.156672
0.078090 0.000000 0.078090 0.000000 0.059914 0.102500 0.156672 0.059914 -0.102500 0.156672
0.078090 0.000000 0.078090 0.000000 0.059914 0.102500 0.156672 0.059914 -0.102500 0.156672
0.078090 0.000000 0.078090 0.000000 0.059914 0.102500 0.156672 0.059914 -0.102500 0.156672
0.078090 0.000000 0.078090 0.000000 0.059914 0.102500 0.156672 0.059914 -0.102500 0.156672
0.078090 0.000000 0.078090 0.000000 0.059914 0.102500 0.156672 0.059914 -0.102500 0.156672
0.078090 0.000000 0.078090 0.000000 0.059914 0.102500 0.156672 0.059914 -0.102500 0.156672
0.078090 0.000000 0.078090 0.000000 0.059914 0.102500 0.156672 0.059914 -0.102500 0.156672
0.078090 0.000000 0.078090 0.000000 0.059914 0.102500 0.156672 0.059914 -0.102500 0.156672
0.078090 0.000000 0.078090 0.000000 0.059914 0.102500 0.156672 0.059914 -0.102500 0.156672
0.078090 0.000000 0.078090 0.000000 0.059914 0.102500 0.156672 0.059914 -0.102500 0.156672
0.078090 0.000000 0.078090 0.000000 0.059914 0.102500 0.156672 0.059914 -0.102500 0.156672
0.078090 0.000000 0.078090 0.000000 0.059914 0.102500 0.156672 0.059914 -0.102500 0.156672
0.078090 0.000000 0.078090 0.000000 0.059914 0.102500 0.156672 0.059914 -0.102500 0.156672
0.078090 0.000000 0.078090 0.000000 0.059914 0.102500 0.156672 0.059914 -0.102500 0.156672
0.078090 0.000000 0.078090 0.000000 0.059914 0.102500 0.156672 0.059914 -0.102500 0.156672
0.078090 0.000000 0.078090 0.000000 0.059914 0.102500 0.156672 0.059914 -0.102500 0.156672
0.078090 0.000000 0.078090 0.000000 0.059914 0.102500 0.156672 0.059914 -0.102500 0.156672
0.078090 0.000000 0.078090 0.000000 0.059914 0.102500 0.156672 0.059914 -0.102500 0.156672
0.078090 0.000000 0.078090 0.000000 0.059914 0.102500 0.156672 0.059914 -0.102500 0.156672
0.078090 0.000000 0.078090 0.000000 0.059914 0.102500 0.156672 0.059914 -0.102500 0.156672
0.078090 0.000000 0.078090 0.000000 0.059914 0.102500 0.156672 0.059914 -0.102500 0.156672
0.078090 0.000000 0.078090 0.000000 0.059914 0.102500 0.156672 0.059914 -0.102500 0.156672
0.078090 0.000000 0.078090 0.000000 0.059914 0.102500 0.156672 0.059914 -0.102500 0.156672
0.078090 0.000000 0.078090 0.000000 0.059914 0.102500 0.156672 0.059914 -0.102500 0.156672
0.078090 0.000000 0.078090 0.000000 0.059914 0.102500 0.156672 0.059914 -0.102500 0.156672
0.078090 0.000000 0.078090 0.000000 0.059914 0.102500 0.156672 0.059914 -0.102500 0.156672
0.078090 0.000000 0.078090 0.000000 0.059914 0.102500 0.156672 0.059914 -0.102500 0.156672
0.078090 0.000000 0.078090 0.000000 0.059914 0.102500 0.156672 0.059914 -0.102500 0.156672
0.078090 0.000000 0.078090 0.000000 0.059914 0.102500 0.156672 0.059914 -0.102500 0.156672
0.078090 0.000000 0.078090 0.000000 0.059914 0.102500 0.156672 0.059914 -0.102500 0.156672
0.078090 0.000000 0.078090 0.000000 0.059914 0.102500 0.156672 0.059914 -0.102500 0.156672
0.078090 0.000000 0.078090 0.000000 0.059914 0.102500 0.156672 0.059914 -0.102500 0.156672
0.078090 0.000000 0.078090 0.000000 0.059914 0.102500 0.156672 0.059914 -0.102500 0.156672
0.078090 0.000000 0.078090 0.000000 0.059914 0.102500 0.156672 0.059914 -0.102500 0.156672
0.078090 0.000000 0.078090 0.000000 0.059914 0.102500 0.156672 0.059914 -0.102500 0.156672
0.078090 0.000000 0.078090 0.000000 0.059914 0.102500 0.156672 0.059914 -0.102500 0.156672
0.078090 0.000000 0.078090 0.000000 0.059914 0.102500 0.156672 0.059914 -0.102500 0.156672
0.078090 0.000000 0.078090 0.000000 0.059914 0.102500 0.156672 0.059914 -0.102500 0.156672
0.078090 0.000000 0.078090 0.000000 0.059914 0.102500 0.156672 0.059914 -0.102500 0.156672
0.078090 0.000000 0.078090 0.000000 0.059914 0.102500 0.156672 0.059914 -0.102500 0.156672
0.078090 0.000000 0.078090 0.000000 0.059914 0.102500 0.156672 0.059914 -0.102500 0.156672
0.078090 0.000000 0.078090 0.000000 0.059914 0.102500 0.156672 0.059914 -0.102500 0.156672
0.078090 0.000000 0.078090 0.000000 0.059914 0.102500 0.156672 0.059914 -0.102500 0.156672
0.078090 0.000000 0.078090 0.000000 0.059914 0.102500 0.156672 0.059914 -0.102500 0.156672
0.078090 0.000000 0.078090 0.000000 0.059914 0.102500 0.156672 0.059914 -0.102500 0.156672
0.078090 0.000000 0.078090 0.000000 0.059914 0.102500 0.156672 0.059914 -0.102500 0.156672
0.078090 0.000000 0.078090 0.000000 0.059914 0.102500 0.156672 0.059914 -0.102500 0.156672
0.078090 0.000000 0.078090 0.000000 0.059914 0.102500 0.156672 0.059914 -0.102500 0.156672
0.078090 0.000000 0.078090 0.000000 0.059914 0.102500 0.156672 0.059914 -0.102500 0.156672
0.078090 0.000000 0.078090 0.000000 0.059914 0.102500 0.156672 0.059914 -0.102500 0.156672
0.078090 0.000000 0.078090 0.000000 0.059914 0.102500 0.156672 0.059914 -0.102500 0.156672
0.078090 0.000000 0.078090 0.000000 0.059914 0.102500 0.156672 0.059914 -0.102500 0.156672
0.078090 0.000000 0.078090 0.000000 0.059914 0.102500 0.156672 0.059914 -0.102500 0.156672
0.078090 0.000000 0.078090 0.000000 0.059914 0.102500 0.156672 0.059914 -0.102500 0.156672
0.078090 0.000000 0.078090 0.000000 0.059914 0.102500 0.156672 0.059914 -0.102500 0.156672
0.078090 0.000000 0.078090 0.000000 0.059914 0.102500 0.156672 0.059914 -0.102500 0.156672
0.078090 0.000000 0.078090 0.000000 0.059914 0.102500 0.156672 0.059914 -0.102500 0.156672
0.078090 0.000000 0.078090 0.000000 0.059914 0.102500 0.156672 0.059914 -0.102500 0.156672
0.078090 0.000000 0.078090 0.000000 0.059914 0.102500 0.156672 0.059914 -0.102500 0.156672
0.078090 0.000000 0.078090 0.000000 0.059914 0.102500 0.156672 0.059914 -0.102500 0.156672
0.078090 0.000000 0.078090 0.000000 0.059914 0.102500 0.156672 0.059914 -0.102500 0.156672
0.078090 0.000000 0.078090 0.000000 0.059914 0.102500 0.156672 0.059914 -0.102500 0.156672
0.078090 0.000000 0.078090 0.000000 0.059914 0.102500 0.156672 0.059914 -0.102500 0.156672
0.078090 0.000000 0.078090 0.000000 0.059914 0.102500 0.156672 0.059914 -0.102500 0.156672
0.078090 0.000000 0.078090 0.000000 0.059914 0.102500 0.156672 0.059914 -0.102500 0.156672
0.078090 0.000000 0.078090 0.000000 0.059914 0.102500 0.156672 0.059914 -0.102500 0.156672
0.078090 0.000000 0.078090 0.000000 0.059914 0.102500 0.156672 0.059914 -0.102500 0.156672
0.078090 0.000000 0.078090 0.000000 0.059914 0.102500 0.156672 0.059914 -0.102500 0.156672
0.078090 0.000000 0.078090 0.000000 0.059914 0.102500 0.156672 0.059914 -0.102500 0.156672
0.078090 0.000000 0.078090 0.000000 0.059914 0.102500 0.156672 0.059914 -0.102500 0.156672
0.078090 0.000000 0.078090 0.000000 0.059914 0.102500 0.156672 0.059914 -0.102500 0.156672
0.078090 0.000000 0.078090 0.000000 0.059914 0.102500 0.156672 0.059914 -0.102500 0.156672
0.078090 0.000000 0.078090 0.000000 0.059914 0.102500 0.156672 0.059914 -0.102500 0.156672
0.078090 0.000000 0.078090 0.000000 0.059914 0.102500 0.156672 0.059914 -0.102500 0.156672
0.078090 0.000000 0.078090 0.000000 0.059914 0.102500 0.156672 0.059914 -0.102500 0.156672
0.078090 0.000000 0.078090 0.000000 0.059914 0.102500 0.156672 0.059914 -0.102500 0.156672
0.078090 0.000000 0.078090 0.000000 0.059914 0.102500 0.156672 0.059914 -0.102500 0.156672
0.078090 0.000000 0.078090 0.000000 0.059914 0.102500 0.156672 0.059914 -0.102500 0.156672
0.078090 0.000000 0.078090 0.000000 0.059914 0.102500 0.156672 0.059914 -0.102500 0.156672
0.078090 0.000000 0.078090 0.000000 0.059914 0.102500 0.156672 0.059914 -0.102500 0.156672
0.078090 0.000000 0.078090 0.000000 0.059914 0.102500 0.156672 0.059914 -0.102500 0.156672
0.078090 0.000000 0.078090 0.000000 0.059914 0.102500 0.156672 0.059914 -0.102500 0.156672
0.078090 0.000000 0.078090 0.000000 0.059914 0.102500 0.156672 0.059914 -0.102500 0.156672
0.078090 0.000000 0.078090 0.000000 0.059914 0.102500 0.156672 0.059914 -0.102500 0.156672
0.078090 0.000000 0.078090 0.000000 0.059914 0.102500 0.156672 0.059914 -0.102500 0.156672
0.078090 0.000000 0.078090 0.000000 0.059914 0.102500 0.156672 0.059914 -0.102500 0.156672
0.078090 0.000000 0.078090 0.000000 0.059914 0.102500 0.156672 0.059914 -0.102500 0.156672
0.078090 0.000000 0.078090 0.000000 0.059914 0.102500 0.156672 0.059914 -0.102500 0.156672
0.078090 0.000000 0.078090 0.000000 0.059914 0.102500 0.156672 0.059914 -0.102500 0.156672
0.078090 0.000000 0.078090 0.000000 0.059914 0.102500 0.156672 0.059914 -0.102500 0.156672
0.078090 0.000000 0.078090 0.000000 0.059914 0.102500 0.156672 0.059914 -0.102500 0.156672
0.078090 0.000000 0.078090 0.000000 0.059914 0.102500 0.156672 0.059914 -0.102500 0.156672
0.078090 0.003026 0.078090 0.003026 0.059914 0.102500 0.156672 0.059914 -0.102500 0.156672
0.078090 0.006052 0.078090 0.006052 0.059914 0.102500 0.156672 0.059914 -0.102500 0.156672
0.078090 0.009078 0.078090 0.009078 0.059914 0.102500 0.156672 0.059914 -0.102500 0.156672
0.078090 0.012104 0.078090 0.012104 0.059914 0.102500 0.156672 0.059914 -0.102500 0.156672
0.078090 0.015130 0.078090 0.015130 0.059914 0.102500 0.156672 0.059914 -0.102500 0.156672
0.078090 0.018156 0.078090 0.018156 0.059914 0.102500 0.156672 0.059914 -0.102500 0.156672
0.078090 0.021182 0.078090 0.021182 0.059914 0.102500 0.156672 0.059914 -0.102500 0.156672
0.078090 0.024208 0.078090 0.024208 0.059914 0.102500 0.156672 0.059914 -0.102500 0.156672
0.078090 0.082500 0.078090 0.027079 0.059914 0.102500 0.156672 0.059914 -0.102500 0.156672
0.078090 0.082500 0.078090 0.029652 0.059914 0.102500 0.156672 0.059914 -0.102500 0.156672
0.078090 0.082500 0.078090 0.031940 0.059914 0.102500 0.156672 0.059914 -0.102500 0.156672
0.078090 0.082500 0.078090 0.033954 0.059914 0.102500 0.156672 0.059914 -0.102500 0.156672
0.078090 0.082500 0.078090 0.035707 0.059914 0.102500 0.156672 0.059914 -0.102500 0.156672
0.078090 0.082500 0.078090 0.037208 0.059914 0.102500 0.156672 0.059914 -0.102500 0.156672
0.078090 0.082500 0.078090 0.038464 0.059914 0.102500 0.156672 0.059914 -0.102500 0.156672
0.078090 0.082500 0.078090 0.039483 0.059914 0.102500 0.156672 0.059914 -0.102500 0.156672
0.078090 0.082500 0.078090 0.040270 0.059914 0.102500 0.156672 0.059914 -0.102500 0.156672
0.078090 0.082500 0.078090 0.040828 0.059914 0.102500 0.156672 0.059914 -0.102500 0.156672
0.078090 0.082500 0.078090 0.041163 0.059914 0.102500 0.156672 0.059914 -0.102500 0.156672
0.078090 0.082500 0.078090 0.041274 0.059914 0.102500 0.156672 0.059914 -0.102500 0.156672
0.078090 0.082500 0.078090 0.041163 0.059914 0.102500 0.156672 0.059914 -0.102500 0.156672
0.078090 0.082500 0.078090 0.040828 0.059914 0.102500 0.156672 0.059914 -0.102500 0.156672
0.078090 0.082500 0.078090 0.040270 0.059914 0.102500 0.156672 0.059914 -0.102500 0.156672
0.078090 0.082500 0.078090 0.039483 0.059914 0.102500 0.156672 0.059914 -0.102500 0.156672
0.078090 0.082500 0.078090 0.038464 0.059914 0.102500 0.156672 0.059914 -0.102500 0.156672
0.078090 0.082500 0.078090 0.037208 0.059914 0.102500 0.156672 0.059914 -0.102500 0.156672
0.078090 0.082500 0.078090 0.035707 0.059914 0.102500 0.156672 0.059914 -0.102500 0.156672
0.078090 0.082500 0.078090 0.033954 0.059914 0.102500 0.156672 0.059914 -0.102500 0.156672
0.078090 0.082500 0.078090 0.031940 0.059914 0.102500 0.156672 0.059914 -0.102500 0.156672
0.078090 0.082500 0.078090 0.029652 0.059914 0.102500 0.156672 0.059914 -0.102500 0.156672
0.078090 0.082500 0.078090 0.027079 0.059914 0.102500 0.156672 0.059914 -0.102500 0.156672
0.078090 0.024208 0.078090 0.024208 0.059914 0.102500 0.156672 0.059914 -0.102500 0.156672
0.078090 0.021182 0.078090 0.021182 0.059914 0.102500 0.156672 0.059914 -0.102500 0.156672
0.078090 0.018156 0.078090 0.018156 0.059914 0.102500 0.156672 0.059914 -0.102500 0.156672
0.078090 0.015130 0.078090 0.015130 0.059914 0.102500 0.156672 0.059914 -0.102500 0.156672
0.078090 0.012104 0.078090 0.012104 0.059914 0.102500 0.156672 0.059914 -0.102500 0.156672
0.078090 0.009078 0.078090 0.009078 0.059914 0.102500 0.156672 0.059914 -0.102500 0.156672
0.078090 0.006052 0.078090 0.006052 0.059914 0.102500 0.156672 0.059914 -0.102500 0.156672
0.078090 0.003026 0.078090 0.003026 0.059914 0.102500 0.156672 0.059914 -0.102500 0.156672
0.078090 0.000000 0.078090 0.000000 0.059914 0.102500 0.156672 0.059914 -0.102500 0.156672
0.083763 -0.003026 0.083763 -0.003026 0.059914 0.102500 0.156672 0.059914 -0.102500 0.156672
0.089435 -0.006052 0.089435 -0.006052 0.059914 0.102500 0.156672 0.059914 -0.102500 0.156672
0.095108 -0.009078 0.095108 -0.009078 0.059914 0.102500 0.156672 0.059914 -0.102500 0.156672
0.100781 -0.012104 0.100781 -0.012104 0.059914 0.102500 0.156672 0.059914 -0.102500 0.156672
0.106453 -0.015130 0.106453 -0.015130 0.059914 0.102500 0.156672 0.059914 -0.102500 0.156672
0.112126 -0.018156 0.112126 -0.018156 0.059914 0.102500 0.156672 0.059914 -0.102500 0.156672
0.117799 -0.021182 0.117799 -0.021182 0.059914 0.102500 0.156672 0.059914 -0.102500 0.156672
0.123471 -0.024208 0.123471 -0.024208 0.059914 0.102500 0.156672 0.059914 -0.102500 0.156672
0.178090 -0.082500 0.129002 -0.027079 0.059914 0.102500 0.156672 0.059914 -0.102500 0.156672
0.178090 -0.082500 0.134267 -0.029652 0.060050 0.102500 0.156926 0.059914 -0.102500 0.156672
0.178090 -0.082500 0.139297 -0.031940 0.060932 0.102500 0.158446 0.059914 -0.102500 0.156672
0.178090 -0.082500 0.144117 -0.033954 0.063125 0.102500 0.161847 0.059914 -0.102500 0.156672
0.178090 -0.082500 0.148754 -0.035707 0.067013 0.102500 0.167166 0.059914 -0.102500 0.156672
0.178090 -0.082500 0.153232 -0.037208 0.072818 0.102500 0.174003 0.059914 -0.102500 0.156672
0.178090 -0.082500 0.157577 -0.038464 0.080618 0.102500 0.181672 0.059914 -0.102500 0.156672
0.178090 -0.082500 0.161811 -0.039483 0.090361 0.102500 0.189341 0.059914 -0.102500 0.156672
0.178090 -0.082500 0.165957 -0.040270 0.101890 0.102500 0.196178 0.059914 -0.102500 0.156672
0.178090 -0.082500 0.170037 -0.040828 0.114956 0.102500 0.201496 0.059914 -0.102500 0.156672
0.178090 -0.082500 0.174074 -0.041163 0.129238 0.102500 0.204897 0.059914 -0.102500 0.156672
0.178090 -0.082500 0.178090 -0.041274 0.144362 0.102500 0.206417 0.059914 -0.102500 0.156672
0.178090 -0.082500 0.182106 -0.041163 0.159914 0.102500 0.206672 0.059914 -0.102500 0.156672
0.178090 -0.082500 0.186143 -0.040828 0.175467 0.102500 0.206417 0.059914 -0.102500 0.156672
0.178090 -0.082500 0.190223 -0.040270 0.190591 0.102500 0.204897 0.059914 -0.102500 0.156672
0.178090 -0.082500 0.194369 -0.039483 0.204873 0.102500 0.201496 0.059914 -0.102500 0.156672
0.178090 -0.082500 0.198603 -0.038464 0.217939 0.102500 0.196178 0.059914 -0.102500 0.156672
0.178090 -0.082500 0.202948 -0.037208 0.229468 0.102500 0.189341 0.059914 -0.102500 0.156672
0.178090 -0.082500 0.207426 -0.035707 0.239211 0.102500 0.181672 0.059914 -0.102500 0.156672
0.178090 -0.082500 0.212063 -0.033954 0.247010 0.102500 0.174003 0.059914 -0.102500 0.156672
0.178090 -0.082500 0.216883 -0.031940 0.252816 0.102500 0.167166 0.059914 -0.102500 0.156672
0.178090 -0.082500 0.221913 -0.029652 0.256704 0.102500 0.161847 0.059914 -0.102500 0.156672
0.178090 -0.082500 0.227178 -0.027079 0.258897 0.102500 0.158446 0.059914 -0.102500 0.156672
0.178090 -0.082500 0.232709 -0.024208 0.259779 0.102500 0.156926 0.059914 -0.102500 0.156672
0.238381 -0.021182 0.238381 -0.021182 0.259914 0.102500 0.156672 0.059914 -0.102500 0.156672
0.244054 -0.018156 0.244054 -0.018156 0.259914 0.102500 0.156672 0.059914 -0.102500 0.156672
0.249727 -0.015130 0.249727 -0.015130 0.259914 0.102500 0.156672 0.059914 -0.102500 0.156672
0.255399 -0.012104 0.255399 -0.012104 0.259914 0.102500 0.156672 0.059914 -0.102500 0.156672
0.261072 -0.009078 0.261072 -0.009078 0.259914 0.102500 0.156672 0.059914 -0.102500 0.156672
0.266745 -0.006052 0.266745 -0.006052 0.259914 0.102500 0.156672 0.059914 -0.102500 0.156672
0.272417 -0.003026 0.272417 -0.003026 0.259914 0.102500 0.156672 0.059914 -0.102500 0.156672
0.278090 -0.000000 0.278090 -0.000000 0.259914 0.102500 0.156672 0.059914 -0.102500 0.156672
0.283763 0.003026 0.283763 0.003026 0.259914 0.102500 0.156672 0.059914 -0.102500 0.156672
0.289435 0.006052 0.289435 0.006052 0.259914 0.102500 0.156672 0.059914 -0.102500 0.156672
0.295108 0.009078 0.295108 0.009078 0.259914 0.102500 0.156672 0.059914 -0.102500 0.156672
0.300781 0.012104 0.300781 0.012104 0.259914 0.102500 0.156672 0.059914 -0.102500 0.156672
0.306453 0.015130 0.306453 0.015130 0.259914 0.102500 0.156672 0.059914 -0.102500 0.156672
0.312126 0.018156 0.312126 0.018156 0.259914 0.102500 0.156672 0.059914 -0.102500 0.156672
0.317799 0.021182 0.317799 0.021182 0.259914 0.102500 0.156672 0.059914 -0.102500 0.156672
0.323471 0.024208 0.323471 0.024208 0.259914 0.102500 0.156672 0.059914 -0.102500 0.156672
0.378090 0.082500 0.329002 0.027079 0.259914 0.102500 0.156672 0.059914 -0.102500 0.156672
0.378090 0.082500 0.334267 0.029652 0.259914 0.102500 0.156672 0.060186 -0.102500 0.156926
0.378090 0.082500 0.339297 0.031940 0.259914 0.102500 0.156672 0.061950 -0.102500 0.158446
0.378090 0.082500 0.344117 0.033954 0.259914 0.102500 0.156672 0.066335 -0.102500 0.161847
0.378090 0.082500 0.348754 0.035707 0.259914 0.102500 0.156672 0.074112 -0.102500 0.167166
0.378090 0.082500 0.353232 0.037208 0.259914 0.102500 0.156672 0.085722 -0.102500 0.174003
0.378090 0.082500 0.357577 0.038464 0.259914 0.102500 0.156672 0.101321 -0.102500 0.181672
0.378090 0.082500 0.361811 0.039483 0.259914 0.102500 0.156672 0.120807 -0.102500 0.189341
0.378090 0.082500 0.365957 0.040270 0.259914 0.102500 0.156672 0.143865 -0.102500 0.196178
0.378090 0.082500 0.370037 0.040828 0.259914 0.102500 0.156672 0.169997 -0.102500 0.201496
0.378090 0.082500 0.374074 0.041163 0.259914 0.102500 0.156672 0.198562 -0.102500 0.204897
0.378090 0.082500 0.378090 0.041274 0.259914 0.102500 0.156672 0.228809 -0.102500 0.206417
0.378090 0.082500 0.382106 0.041163 0.259914 0.102500 0.156672 0.259914 -0.102500 0.206672
0.378090 0.082500 0.386143 0.040828 0.259914 0.102500 0.156672 0.291020 -0.102500 0.206417
0.378090 0.082500 0.390223 0.040270 0.259914 0.102500 0.156672 0.321267 -0.102500 0.204897
0.378090 0.082500 0.394369 0.039483 0.259914 0.102500 0.156672 0.349831 -0.102500 0.201496
0.378090 0.082500 0.398603 0.038464 0.259914 0.102500 0.156672 0.375964 -0.102500 0.196178
0.378090 0.082500 0.402948 0.037208 0.259914 0.102500 0.156672 0.399022 -0.102500 0.189341
0.378090 0.082500 0.407426 0.035707 0.259914 0.102500 0.156672 0.418508 -0.102500 0.181672
0.378090 0.082500 0.412063 0.033954 0.259914 0.102500 0.156672 0.434106 -0.102500 0.174003
0.378090 0.082500 0.416883 0.031940 0.259914 0.102500 0.156672 0.445717 -0.102500 0.167166
0.378090 0.082500 0.421913 0.029652 0.259914 0.102500 0.156672 0.453494 -0.102500 0.161847
0.378090 0.082500 0.427178 0.027079 0.259914 0.102500 0.156672 0.457879 -0.102500 0.158446
0.432709 0.024208 0.432709 0.024208 0.259914 0.102500 0.156672 0.459643 -0.102500 0.156926
0.438381 0.021182 0.438381 0.021182 0.259914 0.102500 0.156672 0.459914 -0.102500 0.156672
0.444054 0.018156 0.444054 0.018156 0.259914 0.102500 0.156672 0.459914 -0.102500 0.156672
0.449727 0.015130 0.449727 0.015130 0.259914 0.102500 0.156672 0.459914 -0.102500 0.156672
0.455399 0.012104 0.455399 0.012104 0.259914 0.102500 0.156672 0.459914 -0.102500 0.156672
0.461072 0.009078 0.461072 0.009078 0.259914 0.102500 0.156672 0.459914 -0.102500 0.156672
0.466745 0.006052 0.466745 0.006052 0.259914 0.102500 0.156672 0.459914 -0.102500 0.156672
0.472417 0.003026 0.472417 0.003026 0.259914 0.102500 0.156672 0.459914 -0.102500 0.156672
0.478090 0.000000 0.478090 0.000000 0.259914 0.102500 0.156672 0.459914 -0.102500 0.156672
0.483763 -0.003026 0.483763 -0.003026 0.259914 0.102500 0.156672 0.459914 -0.102500 0.156672
0.489435 -0.006052 0.489435 -0.006052 0.259914 0.102500 0.156672 0.459914 -0.102500 0.156672
0.495108 -0.009078 0.495108 -0.009078 0.259914 0.102500 0.156672 0.459914 -0.102500 0.156672
0.500781 -0.012104 0.500781 -0.012104 0.259914 0.102500 0.156672 0.459914 -0.102500 0.156672
0.506453 -0.015130 0.506453 -0.015130 0.259914 0.102500 0.156672 0.459914 -0.102500 0.156672
0.512126 -0.018156 0.512126 -0.018156 0.259914 0.102500 0.156672 0.459914 -0.102500 0.156672
0.517799 -0.021182 0.517799 -0.021182 0.259914 0.102500 0.156672 0.459914 -0.102500 0.156672
0.523471 -0.024208 0.523471 -0.024208 0.259914 0.102500 0.156672 0.459914 -0.102500 0.156672
0.578090 -0.082500 0.529002 -0.027079 0.259914 0.102500 0.156672 0.459914 -0.102500 0.156672
0.578090 -0.082500 0.534267 -0.029652 0.260186 0.102500 0.156926 0.459914 -0.102500 0.156672
0.578090 -0.082500 0.539297 -0.031940 0.261950 0.102500 0.158446 0.459914 -0.102500 0.156672
0.578090 -0.082500 0.544117 -0.033954 0.266335 0.102500 0.161847 0.459914 -0.102500 0.156672
0.578090 -0.082500 0.548754 -0.035707 0.274112 0.102500 0.167166 0.459914 -0.102500 0.156672
0.578090 -0.082500 0.553232 -0.037208 0.285722 0.102500 0.174003 0.459914 -0.102500 0.156672
0.578090 -0.082500 0.557577 -0.038464 0.301321 0.102500 0.181672 0.459914 -0.102500 0.156672
0.578090 -0.082500 0.561811 -0.039483 0.320807 0.102500 0.189341 0.459914 -0.102500 0.156672
0.578090 -0.082500 0.565957 -0.040270 0.343865 0.102500 0.196178 0.459914 -0.102500 0.156672
0.578090 -0.082500 0.570037 -0.040828 0.369997 0.102500 0.201496 0.459914 -0.102500 0.156672
0.578090 -0.082500 0.574074 -0.041163 0.398562 0.102500 0.204897 0.459914 -0.102500 0.156672
0.578090 -0.082500 0.578090 -0.041274 0.428809 0.102500 0.206417 0.459914 -0.102500 0.156672
0.578090 -0.082500 0.582106 -0.041163 0.459914 0.102500 0.206672 0.459914 -0.102500 0.156672
0.578090 -0.082500 0.586143 -0.040828 0.491020 0.102500 0.206417 0.459914 -0.102500 0.156672
0.578090 -0.082500 0.590223 -0.040270 0.521267 0.102500 0.204897 0.459914 -0.102500 0.156672
0.578090 -0.082500 0.594369 -0.039483 0.549831 0.102500 0.201496 0.459914 -0.102500 0.156672
0.578090 -0.082500 0.598603 -0.038464 0.575964 0.102500 0.196178 0.459914 -0.102500 0.156672
0.578090 -0.082500 0.602948 -0.037208 0.599022 0.102500 0.189341 0.459914 -0.102500 0.156672
0.578090 -0.082500 0.607426 -0.035707 0.618508 0.102500 0.181672 0.459914 -0.102500 0.156672
0.578090 -0.082500 0.612063 -0.033954 0.634106 0.102500 0.174003 0.459914 -0.102500 0.156672
0.578090 -0.082500 0.616883 -0.031940 0.645717 0.102500 0.167166 0.459914 -0.102500 0.156672
0.578090 -0.082500 0.621913 -0.029652 0.653494 0.102500 0.161847 0.459914 -0.102500 0.156672
0.578090 -0.082500 0.627178 -0.027079 0.657879 0.102500 0.158446 0.459914 -0.102500 0.156672
0.578090 -0.082500 0.632709 -0.024208 0.659643 0.102500 0.156926 0.459914 -0.102500 0.156672
0.638381 -0.021182 0.638381 -0.021182 0.659914 0.102500 0.156672 0.459914 -0.102500 0.156672
0.644054 -0.018156 0.644054 -0.018156 0.659914 0.102500 0.156672 0.459914 -0.102500 0.156672
0.649727 -0.015130 0.649727 -0.015130 0.659914 0.102500 0.156672 0.459914 -0.102500 0.156672
0.655399 -0.012104 0.655399 -0.012104 0.659914 0.102500 0.156672 0.459914 -0.102500 0.156672
0.661072 -0.009078 0.661072 -0.009078 0.659914 0.102500 0.156672 0.459914 -0.102500 0.156672
0.666745 -0.006052 0.666745 -0.006052 0.659914 0.102500 0.156672 0.459914 -0.102500 0.156672
0.672417 -0.003026 0.672417 -0.003026 0.659914 0.102500 0.156672 0.459914 -0.102500 0.156672
0.678090 -0.000000 0.678090 -0.000000 0.659914 0.102500 0.156672 0.459914 -0.102500 0.156672
0.683763 0.003026 0.683763 0.003026 0.659914 0.102500 0.156672 0.459914 -0.102500 0.156672
0.689435 0.006052 0.689435 0.006052 0.659914 0.102500 0.156672 0.459914 -0.102500 0.156672
0.695108 0.009078 0.695108 0.009078 0.659914 0.102500 0.156672 0.459914 -0.102500 0.156672
0.700781 0.012104 0.700781 0.012104 0.659914 0.102500 0.156672 0.459914 -0.102500 0.156672
0.706453 0.015130 0.706453 0.015130 0.659914 0.102500 0.156672 0.459914 -0.102500 0.156672
0.712126 0.018156 0.712126 0.018156 0.659914 0.102500 0.156672 0.459914 -0.102500 0.156672
0.717799 0.021182 0.717799 0.021182 0.659914 0.102500 0.156672 0.459914 -0.102500 0.156672
0.723471 0.024208 0.723471 0.024208 0.659914 0.102500 0.156672 0.459914 -0.102500 0.156672
0.778090 0.082500 0.729002 0.027079 0.659914 0.102500 0.156672 0.459914 -0.102500 0.156672
0.778090 0.082500 0.734267 0.029652 0.659914 0.102500 0.156672 0.460186 -0.102500 0.156926
0.778090 0.082500 0.739297 0.031940 0.659914 0.102500 0.156672 0.461950 -0.102500 0.158446
0.778090 0.082500 0.744117 0.033954 0.659914 0.102500 0.156672 0.466335 -0.102500 0.161847
0.778090 0.082500 0.748754 0.035707 0.659914 0.102500 0.156672 0.474112 -0.102500 0.167166
0.778090 0.082500 0.753232 0.037208 0.659914 0.102500 0.156672 0.485722 -0.102500 0.174003
0.778090 0.082500 0.757577 0.038464 0.659914 0.102500 0.156672 0.501321 -0.102500 0.181672
0.778090 0.082500 0.761811 0.039483 0.659914 0.102500 0.156672 0.520807 -0.102500 0.189341
0.778090 0.082500 0.765957 0.040270 0.659914 0.102500 0.156672 0.543865 -0.102500 0.196178
0.778090 0.082500 0.770037 0.040828 0.659914 0.102500 0.156672 0.569997 -0.102500 0.201496
0.778090 0.082500 0.774074 0.041163 0.659914 0.102500 0.156672 0.598562 -0.102500 0.204897
0.778090 0.082500 0.778090 0.041274 0.659914 0.102500 0.156672 0.628809 -0.102500 0.206417
0.778090 0.082500 0.778090 0.041163 0.659914 0.102500 0.156672 0.659914 -0.102500 0.206672
0.778090 0.082500 0.778090 0.040828 0.659914 0.102500 0.156672 0.691020 -0.102500 0.206417
0.778090 0.082500 0.778090 0.040270 0.659914 0.102500 0.156672 0.721267 -0.102500 0.204897
0.778090 0.082500 0.778090 0.039483 0.659914 0.102500 0.156672 0.749831 -0.102500 0.201496
0.778090 0.082500 0.778090 0.038464 0.659914 0.102500 0.156672 0.775964 -0.102500 0.196178
0.778090 0.082500 0.778090 0.037208 0.659914 0.102500 0.156672 0.799022 -0.102500 0.189341
0.778090 0.082500 0.778090 0.035707 0.659914 0.102500 0.156672 0.818508 -0.102500 0.181672
0.778090 0.082500 0.778090 0.033954 0.659914 0.102500 0.156672 0.834106 -0.102500 0.174003
0.778090 0.082500 0.778090 0.031940 0.659914 0.102500 0.156672 0.845717 -0.102500 0.167166
0.778090 0.082500 0.778090 0.029652 0.659914 0.102500 0.156672 0.853494 -0.102500 0.161847
0.778090 0.082500 0.778090 0.027079 0.659914 0.102500 0.156672 0.857879 -0.102500 0.158446
0.778090 0.082500 0.778090 0.024208 0.659914 0.102500 0.156672 0.859643 -0.102500 0.156926
0.778090 0.021182 0.778090 0.021182 0.659914 0.102500 0.156672 0.859914 -0.102500 0.156672
0.778090 0.018156 0.778090 0.018156 0.659914 0.102500 0.156672 0.859914 -0.102500 0.156672
0.778090 0.015130 0.778090 0.015130 0.659914 0.102500 0.156672 0.859914 -0.102500 0.156672
0.778090 0.012104 0.778090 0.012104 0.659914 0.102500 0.156672 0.859914 -0.102500 0.156672
0.778090 0.009078 0.778090 0.009078 0.659914 0.102500 0.156672 0.859914 -0.102500 0.156672
0.778090 0.006052 0.778090 0.006052 0.659914 0.102500 0.156672 0.859914 -0.102500 0.156672
0.778090 0.003026 0.778090 0.003026 0.659914 0.102500 0.156672 0.859914 -0.102500 0.156672
0.778090 0.000000 0.778090 0.000000 0.659914 0.102500 0.156672 0.859914 -0.102500 0.156672
0.778090 -0.003026 0.778090 -0.003026 0.659914 0.102500 0.156672 0.859914 -0.102500 0.156672
0.778090 -0.006052 0.778090 -0.006052 0.659914 0.102500 0.156672 0.859914 -0.102500 0.156672
0.778090 -0.009078 0.778090 -0.009078 0.659914 0.102500 0.156672 0.859914 -0.102500 0.156672
0.778090 -0.012104 0.778090 -0.012104 0.659914 0.102500 0.156672 0.859914 -0.102500 0.156672
0.778090 -0.015130 0.778090 -0.015130 0.659914 0.102500 0.156672 0.859914 -0.102500 0.156672
0.778090 -0.018156 0.778090 -0.018156 0.659914 0.102500 0.156672 0.859914 -0.102500 0.156672
0.778090 -0.021182 0.778090 -0.021182 0.659914 0.102500 0.156672 0.859914 -0.102500 0.156672
0.778090 -0.082500 0.778090 -0.024208 0.659914 0.102500 0.156672 0.859914 -0.102500 0.156672
0.778090 -0.082500 0.778090 -0.027079 0.659914 0.102500 0.156672 0.859914 -0.102500 0.156672
0.778090 -0.082500 0.778090 -0.029652 0.660186 0.102500 0.156926 0.859914 -0.102500 0.156672
0.778090 -0.082500 0.778090 -0.031940 0.661950 0.102500 0.158446 0.859914 -0.102500 0.156672
0.778090 -0.082500 0.778090 -0.033954 0.666335 0.102500 0.161847 0.859914 -0.102500 0.156672
0.778090 -0.082500 0.778090 -0.035707 0.674112 0.102500 0.167166 0.859914 -0.102500 0.156672
0.778090 -0.082500 0.778090 -0.037208 0.685722 0.102500 0.174003 0.859914 -0.102500 0.156672
0.778090 -0.082500 0.778090 -0.038464 0.701321 0.102500 0.181672 0.859914 -0.102500 0.156672
0.778090 -0.082500 0.778090 -0.039483 0.720807 0.102500 0.189341 0.859914 -0.102500 0.156672
0.778090 -0.082500 0.778090 -0.040270 0.743865 0.102500 0.196178 0.859914 -0.102500 0.156672
0.778090 -0.082500 0.778090 -0.040828 0.769997 0.102500 0.201496 0.859914 -0.102500 0.156672
0.778090 -0.082500 0.778090 -0.041163 0.798562 0.102500 0.204897 0.859914 -0.102500 0.156672
0.778090 -0.082500 0.778090 -0.041274 0.828809 0.102500 0.206417 0.859914 -0.102500 0.156672
0.778090 -0.082500 0.778090 -0.041163 0.859914 0.102500 0.206672 0.859914 -0.102500 0.156672
0.778090 -0.082500 0.778090 -0.040828 0.891020 0.102500 0.206417 0.859914 -0.102500 0.156672
0.778090 -0.082500 0.778090 -0.040270 0.921267 0.102500 0.204897 0.859914 -0.102500 0.156672
0.778090 -0.082500 0.778090 -0.039483 0.949831 0.102500 0.201496 0.859914 -0.102500 0.156672
0.778090 -0.082500 0.778090 -0.038464 0.975964 0.102500 0.196178 0.859914 -0.102500 0.156672
0.778090 -0.082500 0.778090 -0.037208 0.999022 0.102500 0.189341 0.859914 -0.102500 0.156672
0.778090 -0.082500 0.778090 -0.035707 1.018508 0.102500 0.181672 0.859914 -0.102500 0.156672
0.778090 -0.082500 0.778090 -0.033954 1.034106 0.102500 0.174003 0.859914 -0.102500 0.156672
0.778090 -0.082500 0.778090 -0.031940 1.045717 0.102500 0.167166 0.859914 -0.102500 0.156672
0.778090 -0.082500 0.778090 -0.029652 1.053494 0.102500 0.161847 0.859914 -0.102500 0.156672
0.778090 -0.082500 0.778090 -0.027079 1.057879 0.102500 0.158446 0.859914 -0.102500 0.156672
0.778090 -0.082500 0.778090 -0.024208 1.059643 0.102500 0.156926 0.859914 -0.102500 0.156672
0.778090 -0.021182 0.778090 -0.021182 1.059914 0.102500 0.156672 0.859914 -0.102500 0.156672
0.778090 -0.018156 0.778090 -0.018156 1.059914 0.102500 0.156672 0.859914 -0.102500 0.156672
0.778090 -0.015130 0.778090 -0.015130 1.059914 0.102500 0.156672 0.859914 -0.102500 0.156672
0.778090 -0.012104 0.778090 -0.012104 1.059914 0.102500 0.156672 0.859914 -0.102500 0.156672
0.778090 -0.009078 0.778090 -0.009078 1.059914 0.102500 0.156672 0.859914 -0.102500 0.156672
0.778090 -0.006052 0.778090 -0.006052 1.059914 0.102500 0.156672 0.859914 -0.102500 0.156672
0.778090 -0.003026 0.778090 -0.003026 1.059914 0.102500 0.156672 0.859914 -0.102500 0.156672
0.778090 -0.000000 0.778090 -0.000000 1.059914 0.102500 0.156672 0.859914 -0.102500 0.156672
0.778090 0.003026 0.778090 0.003026 1.059914 0.102500 0.156672 0.859914 -0.102500 0.156672
0.778090 0.006052 0.778090 0.006052 1.059914 0.102500 0.156672 0.859914 -0.102500 0.156672
0.778090 0.009078 0.778090 0.009078 1.059914 0.102500 0.156672 0.859914 -0.102500 0.156672
0.778090 0.012104 0.778090 0.012104 1.059914 0.102500 0.156672 0.859914 -0.102500 0.156672
0.778090 0.015130 0.778090 0.015130 1.059914 0.102500 0.156672 0.859914 -0.102500 0.156672
0.778090 0.018156 0.778090 0.018156 1.059914 0.102500 0.156672 0.859914 -0.102500 0.156672
0.778090 0.021182 0.778090 0.021182 1.059914 0.102500 0.156672 0.859914 -0.102500 0.156672
0.778090 0.024208 0.778090 0.024208 1.059914 0.102500 0.156672 0.859914 -0.102500 0.156672
0.778090 0.082500 0.778090 0.027079 1.059914 0.102500 0.156672 0.859914 -0.102500 0.156672
0.778090 0.082500 0.778090 0.029652 1.059914 0.102500 0.156672 0.860050 -0.102500 0.156926
0.778090 0.082500 0.778090 0.031940 1.059914 0.102500 0.156672 0.860932 -0.102500 0.158446
0.778090 0.082500 0.778090 0.033954 1.059914 0.102500 0.156672 0.863125 -0.102500 0.161847
0.778090 0.082500 0.778090 0.035707 1.059914 0.102500 0.156672 0.867013 -0.102500 0.167166
0.778090 0.082500 0.778090 0.037208 1.059914 0.102500 0.156672 0.872818 -0.102500 0.174003
0.778090 0.082500 0.778090 0.038464 1.059914 0.102500 0.156672 0.880618 -0.102500 0.181672
0.778090 0.082500 0.778090 0.039483 1.059914 0.102500 0.156672 0.890361 -0.102500 0.189341
0.778090 0.082500 0.778090 0.040270 1.059914 0.102500 0.156672 0.901890 -0.102500 0.196178
0.778090 0.082500 0.778090 0.040828 1.059914 0.102500 0.156672 0.914956 -0.102500 0.201496
0.778090 0.082500 0.778090 0.041163 1.059914 0.102500 0.156672 0.929238 -0.102500 0.204897
0.778090 0.082500 0.778090 0.041274 1.059914 0.102500 0.156672 0.944362 -0.102500 0.206417
0.778090 0.082500 0.778090 0.041163 1.059914 0.102500 0.156672 0.959914 -0.102500 0.206672
0.778090 0.082500 0.778090 0.040828 1.059914 0.102500 0.156672 0.975467 -0.102500 0.206417
0.778090 0.082500 0.778090 0.040270 1.059914 0.102500 0.156672 0.990591 -0.102500 0.204897
0.778090 0.082500 0.778090 0.039483 1.059914 0.102500 0.156672 1.004873 -0.102500 0.201496
0.778090 0.082500 0.778090 0.038464 1.059914 0.102500 0.156672 1.017939 -0.102500 0.196178
0.778090 0.082500 0.778090 0.037208 1.059914 0.102500 0.156672 1.029468 -0.102500 0.189341
0.778090 0.082500 0.778090 0.035707 1.059914 0.102500 0.156672 1.039211 -0.102500 0.181672
0.778090 0.082500 0.778090 0.033954 1.059914 0.102500 0.156672 1.047010 -0.102500 0.174003
0.778090 0.082500 0.778090 0.031940 1.059914 0.102500 0.156672 1.052816 -0.102500 0.167166
0.778090 0.082500 0.778090 0.029652 1.059914 0.102500 0.156672 1.056704 -0.102500 0.161847
0.778090 0.082500 0.778090 0.027079 1.059914 0.102500 0.156672 1.058897 -0.102500 0.158446
0.778090 0.082500 0.778090 0.024208 1.059914 0.102500 0.156672 1.059779 -0.102500 0.156926
0.778090 0.021182 0.778090 0.021182 1.059914 0.102500 0.156672 1.059914 -0.102500 0.156672
0.778090 0.018156 0.778090 0.018156 1.059914 0.102500 0.156672 1.059914 -0.102500 0.156672
0.778090 0.015130 0.778090 0.015130 1.059914 0.102500 0.156672 1.059914 -0.102500 0.156672
0.778090 0.012104 0.778090 0.012104 1.059914 0.102500 0.156672 1.059914 -0.102500 0.156672
0.778090 0.009078 0.778090 0.009078 1.059914 0.102500 0.156672 1.059914 -0.102500 0.156672
0.778090 0.006052 0.778090 0.006052 1.059914 0.102500 0.156672 1.059914 -0.102500 0.156672
0.778090 0.003026 0.778090 0.003026 1.059914 0.102500 0.156672 1.059914 -0.102500 0.156672
0.778090 0.000000 0.778090 0.000000 1.059914 0.102500 0.156672 1.059914 -0.102500 0.156672
0.778090 0.000000 0.778090 0.000000 1.059914 0.102500 0.156672 1.059914 -0.102500 0.156672
0.778090 0.000000 0.778090 0.000000 1.059914 0.102500 0.156672 1.059914 -0.102500 0.156672
0.778090 0.000000 0.778090 0.000000 1.059914 0.102500 0.156672 1.059914 -0.102500 0.156672
0.778090 0.000000 0.778090 0.000000 1.059914 0.102500 0.156672 1.059914 -0.102500 0.156672
0.778090 0.000000 0.778090 0.000000 1.059914 0.102500 0.156672 1.059914 -0.102500 0.156672
0.778090 0.000000 0.778090 0.000000 1.059914 0.102500 0.156672 1.059914 -0.102500 0.156672
0.778090 0.000000 0.778090 0.000000 1.059914 0.102500 0.156672 1.059914 -0.102500 0.156672
0.778090 0.000000 0.778090 0.000000 1.059914 0.102500 0.156672 1.059914 -0.102500 0.156672
0.778090 0.000000 0.778090 0.000000 1.059914 0.102500 0.156672 1.059914 -0.102500 0.156672
0.778090 0.000000 0.778090 0.000000 1.059914 0.102500 0.156672 1.059914 -0.102500 0.156672
0.778090 0.000000 0.778090 0.000000 1.059914 0.102500 0.156672 1.059914 -0.102500 0.156672
0.778090 0.000000 0.778090 0.000000 1.059914 0.102500 0.156672 1.059914 -0.102500 0.156672
0.778090 0.000000 0.778090 0.000000 1.059914 0.102500 0.156672 1.059914 -0.102500 0.156672
0.778090 0.000000 0.778090 0.000000 1.059914 0.102500 0.156672 1.059914 -0.102500 0.156672
0.778090 0.000000 0.778090 0.000000 1.059914 0.102500 0.156672 1.059914 -0.102500 0.156672
0.778090 0.000000 0.778090 0.000000 1.059914 0.102500 0.156672 1.059914 -0.102500 0.156672
0.778090 0.000000 0.778090 0.000000 1.059914 0.102500 0.156672 1.059914 -0.102500 0.156672
0.778090 0.000000 0.778090 0.000000 1.059914 0.102500 0.156672 1.059914 -0.102500 0.156672
0.778090 0.000000 0.778090 0.000000 1.059914 0.102500 0.156672 1.059914 -0.102500 0.156672
0.778090 0.000000 0.778090 0.000000 1.059914 0.102500 0.156672 1.059914 -0.102500 0.156672
0.778090 0.000000 0.778090 0.000000 1.059914 0.102500 0.156672 1.059914 -0.102500 0.156672
0.778090 0.000000 0.778090 0.000000 1.059914 0.102500 0.156672 1.059914 -0.102500 0.156672
0.778090 0.000000 0.778090 0.000000 1.059914 0.102500 0.156672 1.059914 -0.102500 0.156672
0.778090 0.000000 0.778090 0.000000 1.059914 0.102500 0.156672 1.059914 -0.102500 0.156672
0.778090 0.000000 0.778090 0.000000 1.059914 0.102500 0.156672 1.059914 -0.102500 0.156672
0.778090 0.000000 0.778090 0.000000 1.059914 0.102500 0.156672 1.059914 -0.102500 0.156672
0.778090 0.000000 0.778090 0.000000 1.059914 0.102500 0.156672 1.059914 -0.102500 0.156672
0.778090 0.000000 0.778090 0.000000 1.059914 0.102500 0.156672 1.059914 -0.102500 0.156672
0.778090 0.000000 0.778090 0.000000 1.059914 0.102500 0.156672 1.059914 -0.102500 0.156672
0.778090 0.000000 0.778090 0.000000 1.059914 0.102500 0.156672 1.059914 -0.102500 0.156672
0.778090 0.000000 0.778090 0.000000 1.059914 0.102500 0.156672 1.059914 -0.102500 0.156672
0.778090 0.000000 0.778090 0.000000 1.059914 0.102500 0.156672 1.059914 -0.102500 0.156672
0.778090 0.000000 0.778090 0.000000 1.059914 0.102500 0.156672 1.059914 -0.102500 0.156672
0.778090 0.000000 0.778090 0.000000 1.059914 0.102500 0.156672 1.059914 -0.102500 0.156672
0.778090 0.000000 0.778090 0.000000 1.059914 0.102500 0.156672 1.059914 -0.102500 0.156672
0.778090 0.000000 0.778090 0.000000 1.059914 0.102500 0.156672 1.059914 -0.102500 0.156672
0.778090 0.000000 0.778090 0.000000 1.059914 0.102500 0.156672 1.059914 -0.102500 0.156672
0.778090 0.000000 0.778090 0.000000 1.059914 0.102500 0.156672 1.059914 -0.102500 0.156672
